103
493
238
699
324
288
343
260
142
906
69
648
206
53
240
496
411
786
625
182
565
551
252
846
44
864
53
417
771
303
515
634
786
819
462
497
538
715
617
898
319
798
475
117
683
670
981
388
360
21
877
173
623
800
340
612
371
689
963
404
880
238
423
321
516
539
529
996
572
361
99
886
342
811
478
478
483
137
596
219
846
167
521
886
906
409
922
683
909
338
838
708
441
594
995
428
749
395
112
223
673
621
856
407
281
445
350
618
776
802
901
643
839
345
915
814
212
840
430
286
419
834
881
22
826
941
637
150
108
208
947
65
206
670
312
92
167
353
25
197
401
40
239
865
839
294
88
418
256
22
959
212
342
77
703
869
630
383
350
334
230
431
784
582
891
505
218
508
929
161
785
578
718
822
450
753
273
810
349
520
616
509
473
875
220
366
234
393
374
718
195
750
40
134
912
30
184
603
19
64
958
2
965
694
571
601
807
847
346
832
818
553
953
145
960
907
326
235
136
900
187
542
556
792
792
958
590
791
766
123
106
560
304
425
237
524
493
353
345
98
421
559
28
731
685
809
15
227
816
384
516
874
899
156
355
823
234
57
420
105
104
412
737
475
979
548
265
747
389
691
979
598
544
928
860
87
529
756
403
42
693
797
892
512
854
704
809
337
366
265
285
187
273
814
148
162
912
448
914
996
122
686
322
297
666
381
125
554
401
478
964
913
820
453
844
148
206
573
160
195
701
693
959
191
115
634
819
444
311
211
91
845
858
279
670
895
260
169
878
277
297
256
954
803
489
977
910
945
324
984
405
612
986
832
236
189
179
241
774
734
121
503
922
476
818
404
871
605
635
652
139
473
598
721
342
163
434
758
250
268
346
391
780
906
759
377
22
338
704
77
120
626
319
180
628
844
299
958
916
915
470
583
435
249
223
577
348
697
181
408
130
459
533
634
958
230
30
837
688
954
795
315
81
786
781
637
938
435
61
836
458
554
185
512
359
827
719
101
623
302
192
71
446
312
936
205
940
962
320
469
287
759
320
869
785
513
305
678
100
304
469
852
748
809
234
71
741
348
918
874
517
177
612
985
608
880
974
588
380
895
694
702
652
610
229
163
674
286
811
231
549
261
304
729
210
615
51
347
478
577