Heap sort time complexities - worst case: O(n log n), average case: O(n log n), best case: O(n log n)
Total time to sort list - milliseconds: 1, nanoseconds: 1288800
2
15
19
21
22
22
22
25
28
30
30
40
40
42
44
51
53
53
57
61
64
65
69
71
71
77
77
81
87
88
91
92
98
99
100
101
103
104
105
106
108
112
115
117
120
121
122
123
125
130
134
136
137
139
142
145
148
148
150
156
160
161
162
163
163
167
167
169
173
177
179
180
181
182
184
185
187
187
189
191
192
195
195
197
205
206
206
206
208
210
211
212
212
218
219
220
223
223
227
229
230
230
231
234
234
234
235
236
237
238
238
239
240
241
249
250
252
256
256
260
260
261
265
265
268
273
273
277
279
281
285
286
286
287
288
294
297
297
299
302
303
304
304
304
305
311
312
312
315
319
319
320
320
321
322
324
324
326
334
337
338
338
340
342
342
342
343
345
345
346
346
347
348
348
349
350
350
353
353
355
359
360
361
366
366
371
374
377
380
381
383
384
388
389
391
393
395
401
401
403
404
404
405
407
408
409
411
412
417
418
419
420
421
423
425
428
430
431
434
435
435
441
444
445
446
448
450
453
458
459
462
469
469
470
473
473
475
475
476
478
478
478
478
483
489
493
493
496
497
503
505
508
509
512
512
513
515
516
516
517
520
521
524
529
529
533
538
539
542
544
548
549
551
553
554
554
556
559
560
565
571
572
573
577
577
578
582
583
588
590
594
596
598
598
601
603
605
608
610
612
612
612
615
616
617
618
621
623
623
625
626
628
630
634
634
634
635
637
637
643
648
652
652
666
670
670
670
673
674
678
683
683
685
686
688
689
691
693
693
694
694
697
699
701
702
703
704
704
708
715
718
718
719
721
729
731
734
737
741
747
748
749
750
753
756
758
759
759
766
771
774
776
780
781
784
785
785
786
786
786
791
792
792
795
797
798
800
802
803
807
809
809
809
810
811
811
814
814
816
818
818
819
819
820
822
823
826
827
832
832
834
836
837
838
839
839
840
844
844
845
846
846
847
852
854
856
858
860
864
865
869
869
871
874
874
875
877
878
880
880
881
886
886
891
892
895
895
898
899
900
901
906
906
906
907
909
910
912
912
913
914
915
915
916
918
922
922
928
929
936
938
940
941
945
947
953
954
954
958
958
958
958
959
959
960
962
963
964
965
974
977
979
979
981
984
985
986
995
996
996
